pressure,p_std,temp,t_std
#BMP280sensor, ultra low power mode, IIR 8 samples, RMS of 0.9Pa, 0.003C, mean of 101,325Pa (1,013.25hPa) and 23.2C
101324.96089112277,0.9,23.20378426554338,0.003
101325.0915877834,0.9,23.200990711497404,0.003
101324.19395486401,0.9,23.196779213668805,0.003
101324.47977883054,0.9,23.207489259032982,0.003
101324.37177135538,0.9,23.202309298908432,0.003
101322.93321325972,0.9,23.199016827709777,0.003
101324.12199310688,0.9,23.205473501601464,0.003
101325.21908613668,0.9,23.20460033303399,0.003
101325.46258043926,0.9,23.199211358467082,0.003
101324.00568739146,0.9,23.202865723374916,0.003
101325.36842831977,0.9,23.196934346428186,0.003
101324.99262167487,0.9,23.19765269884074,0.003
101325.47546686653,0.9,23.19811655890624,0.003
101325.10706840166,0.9,23.199305781538886,0.003
101325.01167301334,0.9,23.20155442661445,0.003
101326.03478204188,0.9,23.202348833785162,0.003
101325.54475648372,0.9,23.199150364179456,0.003
101324.16187536693,0.9,23.19969886364528,0.003
101325.91598717764,0.9,23.20332861267593,0.003
101323.60068840535,0.9,23.20104736411264,0.003
101325.58852804563,0.9,23.202155164420656,0.003
101324.9034428827,0.9,23.200867769294337,0.003
101324.87074808689,0.9,23.19603998447394,0.003
101325.17623688599,0.9,23.203213633337512,0.003
101327.01183705719,0.9,23.19408512845071,0.003
101325.17331542446,0.9,23.19780854526497,0.003
101323.5706875386,0.9,23.20050713451509,0.003
101324.33216313139,0.9,23.205749926563772,0.003
101324.98391304568,0.9,23.19845666547755,0.003
101325.86138472591,0.9,23.201469822138076,0.003
101324.56750169393,0.9,23.19661366031702,0.003
101326.23332176982,0.9,23.202858541505904,0.003
101324.16157104247,0.9,23.201739614645504,0.003
101324.989015118,0.9,23.200629396846445,0.003
101326.29834416209,0.9,23.19353731263189,0.003
101324.00434033557,0.9,23.197866972717367,0.003
101325.96917429521,0.9,23.197634628498488,0.003
101325.43744614118,0.9,23.20570729815383,0.003
101323.69758428715,0.9,23.19816028571078,0.003
101323.24758757553,0.9,23.19832412707584,0.003
101324.03951031298,0.9,23.199234898108262,0.003
101324.7614576594,0.9,23.200883595677467,0.003
101324.05852652367,0.9,23.199548641838437,0.003
101325.5684821447,0.9,23.199141522540693,0.003
101323.54196891116,0.9,23.198635019006314,0.003
101325.50108285606,0.9,23.203045505101212,0.003
101324.71993188954,0.9,23.192034981364127,0.003
101326.20544498003,0.9,23.204747588974293,0.003
101324.18247667702,0.9,23.20084090929443,0.003
101325.92156098134,0.9,23.196891577200184,0.003
101324.20225774431,0.9,23.202229731217653,0.003
101324.40793020361,0.9,23.200606514226205,0.003
101324.50582889779,0.9,23.19927241601196,0.003
101324.98730313109,0.9,23.199201020621185,0.003
101326.31613782629,0.9,23.194715971009384,0.003
101325.93684770548,0.9,23.200000578654567,0.003
101323.42859370142,0.9,23.198718040646398,0.003
101324.86450004317,0.9,23.19925851123242,0.003
101323.69601228579,0.9,23.20267002128208,0.003
101326.25337181741,0.9,23.200110271930235,0.003
101324.68894984304,0.9,23.203153613928567,0.003
101327.3790032871,0.9,23.197009888890577,0.003
101324.0515802323,0.9,23.205896459553937,0.003
101324.23444380355,0.9,23.19663491407111,0.003
101324.46317503616,0.9,23.203160040543374,0.003
101324.0007129513,0.9,23.200813133691238,0.003
101325.97304225154,0.9,23.203137379963245,0.003
101324.06700913176,0.9,23.200158219761338,0.003
101326.12328558152,0.9,23.197064265500916,0.003
101326.36218906361,0.9,23.196237818344716,0.003
101325.10942120233,0.9,23.197442971226653,0.003
101325.19473248506,0.9,23.198752908985192,0.003
101324.79223806738,0.9,23.205155508549623,0.003
101324.81832193193,0.9,23.197769280670407,0.003
101324.78688682447,0.9,23.200092361301767,0.003
101325.8920469232,0.9,23.1998054843588,0.003
101326.71350048887,0.9,23.203474550674112,0.003
101324.86437832107,0.9,23.199351906967063,0.003
101324.78115593467,0.9,23.198707151542827,0.003
101323.76188935274,0.9,23.204747651778966,0.003
101326.06504406349,0.9,23.200841117845968,0.003
101325.17074512514,0.9,23.193746088517898,0.003
101326.2871475224,0.9,23.20093101486471,0.003
101322.96966744501,0.9,23.201750507277776,0.003
101326.9455161499,0.9,23.201798176113172,0.003
101324.40898856487,0.9,23.19539483702139,0.003
101325.23026071246,0.9,23.198909911370084,0.003
101325.27014944839,0.9,23.20022950454223,0.003
101326.02572561886,0.9,23.199137401530255,0.003
101324.60601146544,0.9,23.201905724127943,0.003
101325.48487127402,0.9,23.19905092948662,0.003
101324.19197882719,0.9,23.202247965268064,0.003
101324.0181839049,0.9,23.201421473727983,0.003
101323.1414218164,0.9,23.20217070544677,0.003
101326.03519149403,0.9,23.203104587325083,0.003
101324.39125833607,0.9,23.195706313561427,0.003
101325.02320864628,0.9,23.196743000452475,0.003
101325.30521262962,0.9,23.200852447480976,0.003
101325.2423647852,0.9,23.19963405649768,0.003
101323.73166087318,0.9,23.204032629894414,0.003
101325.67551657005,0.9,23.206020614014655,0.003
101324.88200771439,0.9,23.200206500809696,0.003
101325.1466713306,0.9,23.195664961876794,0.003
101325.0779932967,0.9,23.19616766736207,0.003
101326.17633465162,0.9,23.20260567343371,0.003
101325.94967750087,0.9,23.197380000701553,0.003
101326.08967270574,0.9,23.197676468198498,0.003
101324.98541387779,0.9,23.206657568197,0.003
101325.27467704251,0.9,23.202118436927766,0.003
101324.82188364767,0.9,23.20426957370149,0.003
101325.57175753225,0.9,23.199431832899425,0.003
101326.25687932788,0.9,23.201050021625438,0.003
101324.15322121988,0.9,23.199535604130435,0.003
101324.5680554743,0.9,23.20312689578504,0.003
101324.6178860979,0.9,23.19323888189353,0.003
101324.37695647369,0.9,23.195922144391332,0.003
101325.33484144146,0.9,23.199732414999914,0.003
101324.54007400932,0.9,23.200488712021684,0.003
101326.57729378897,0.9,23.203182890843003,0.003
101325.74839959646,0.9,23.19478098780861,0.003
101325.29661020279,0.9,23.197330294073137,0.003
101323.696347018,0.9,23.194134955724852,0.003
101324.91659131169,0.9,23.2013461592084,0.003
101326.4358506879,0.9,23.19630143615402,0.003
101326.04866070075,0.9,23.202024685201806,0.003
101324.2607327175,0.9,23.199045218005697,0.003
101325.7463273818,0.9,23.19785452526257,0.003
101325.14918969187,0.9,23.1942114257325,0.003
101325.19399583848,0.9,23.20307853647844,0.003
101323.88771577769,0.9,23.202211568784495,0.003
101324.67681572103,0.9,23.195831730216685,0.003
101324.74269304206,0.9,23.191788142406804,0.003
101325.14239218937,0.9,23.19590521775157,0.003
101326.02447454236,0.9,23.19665717721622,0.003
101324.54424998742,0.9,23.20480217507117,0.003
101325.70359393403,0.9,23.201360862060852,0.003
101325.86928548153,0.9,23.197548176516772,0.003
101326.21070577108,0.9,23.20035071345804,0.003
101324.59261235342,0.9,23.20010780031486,0.003
101324.56779336475,0.9,23.199922948492446,0.003
101324.7640864596,0.9,23.197048142470493,0.003
101324.03145410112,0.9,23.204587425794475,0.003
101326.05153470255,0.9,23.198764156555498,0.003
101322.91635527647,0.9,23.201470899260933,0.003
101326.37954819895,0.9,23.20705601605349,0.003
101325.14791048336,0.9,23.197019258635688,0.003
101324.6116847567,0.9,23.2001823585199,0.003
101325.6096903031,0.9,23.20531680739969,0.003
101325.19104230903,0.9,23.19748888638759,0.003
101324.86347721898,0.9,23.201116161990488,0.003
101324.6210448243,0.9,23.20638128716443,0.003
101325.14890108675,0.9,23.19806979252246,0.003
101325.62456090609,0.9,23.202975064419885,0.003
101326.25734591362,0.9,23.1999649798502,0.003
101326.19722988397,0.9,23.199952603211067,0.003
101323.57085700308,0.9,23.19137339693809,0.003
101325.68204540673,0.9,23.198524893745446,0.003
101324.49370647705,0.9,23.199405349313732,0.003
101324.80733707864,0.9,23.203205512031413,0.003
101325.00238082904,0.9,23.20377096728696,0.003
101324.6301405044,0.9,23.199638507129624,0.003
101324.05883426599,0.9,23.20127739076998,0.003
101326.11914092558,0.9,23.201694500591632,0.003
101325.92315455028,0.9,23.194748613530706,0.003
101325.44257261202,0.9,23.20263249020154,0.003
101324.88184754219,0.9,23.205691963812495,0.003
101324.00552178003,0.9,23.2007026248274,0.003
101325.31943096584,0.9,23.19569381601275,0.003
101323.23964758632,0.9,23.19317884945167,0.003
101324.37018167446,0.9,23.199707279095364,0.003
101324.56932288758,0.9,23.19837051745622,0.003
101323.89215635555,0.9,23.200948169843915,0.003
101326.69479944771,0.9,23.201780737434728,0.003
101323.17114336306,0.9,23.198522634106915,0.003
101326.39757598349,0.9,23.203418560384655,0.003
101326.10493204009,0.9,23.196790092808417,0.003
101324.6020422918,0.9,23.19825255795959,0.003
101326.46808605694,0.9,23.2018707083546,0.003
101323.98674248131,0.9,23.20257974011384,0.003
101326.39507614016,0.9,23.202575181490943,0.003
101324.0217488455,0.9,23.1971122835725,0.003
101325.15227585443,0.9,23.200217215285786,0.003
101323.75023114812,0.9,23.197768138504415,0.003
101323.74146265324,0.9,23.199959269265353,0.003
101325.2131100301,0.9,23.195967262187462,0.003
101325.2790460161,0.9,23.204183619738906,0.003
101325.14153558013,0.9,23.198632763744556,0.003
101325.93211973357,0.9,23.200085202073822,0.003
101322.88217317009,0.9,23.198027379973727,0.003
101325.24017880156,0.9,23.20290947880925,0.003
101324.99826728676,0.9,23.203440932536363,0.003
101325.44522495157,0.9,23.207292377320798,0.003
101323.73228185024,0.9,23.199684968171947,0.003
101324.43802779779,0.9,23.20290041647858,0.003
101326.03697086785,0.9,23.201137078872893,0.003
101325.54996011936,0.9,23.200340983666383,0.003
101325.39203833089,0.9,23.199748825622738,0.003
101323.55763899274,0.9,23.202272182959938,0.003
101324.73567805778,0.9,23.196362357473976,0.003
101326.57317194184,0.9,23.20471540814502,0.003
101326.25634379496,0.9,23.20344356704342,0.003
101324.96241355133,0.9,23.198517631536614,0.003
101323.92169146841,0.9,23.202233269625456,0.003
101323.50140668302,0.9,23.203250852044498,0.003
101325.70511342466,0.9,23.197739690858477,0.003
101325.40416942492,0.9,23.19766082111606,0.003
101325.93558585642,0.9,23.19889154117086,0.003
101323.29985554503,0.9,23.194868094770086,0.003
101327.11554816687,0.9,23.203394827265292,0.003
101325.30575893587,0.9,23.195798765344136,0.003
101322.52551190395,0.9,23.200050158053173,0.003
101325.16881511529,0.9,23.200387615612435,0.003
101327.49510099222,0.9,23.204946084989533,0.003
101324.19999523164,0.9,23.19707306079008,0.003
101323.85384781874,0.9,23.203928810383438,0.003
101323.8630722689,0.9,23.197089638773566,0.003
101324.79930585047,0.9,23.201658477360546,0.003
101325.47105056004,0.9,23.196890639919935,0.003
101325.22654306964,0.9,23.198090999903492,0.003
101325.01617946506,0.9,23.20116366342818,0.003
101324.44143675962,0.9,23.194974964148965,0.003
101325.2229722007,0.9,23.19497045535475,0.003
101325.140162243,0.9,23.202430914347367,0.003
101327.05325426423,0.9,23.198967754577524,0.003
101325.01167316164,0.9,23.202718353964258,0.003
101325.34769636209,0.9,23.19935908197201,0.003
101325.58822131841,0.9,23.20402403596889,0.003
101326.38665741056,0.9,23.20065038826958,0.003
101324.49257541665,0.9,23.202437171067764,0.003
101324.58379259548,0.9,23.201875668450075,0.003
101326.12545373432,0.9,23.202089415996706,0.003
101325.04188129905,0.9,23.203737556106326,0.003
101324.62823337925,0.9,23.19869419110261,0.003
101325.30295147745,0.9,23.19685862736673,0.003
101324.69394679746,0.9,23.19965450694504,0.003
101324.61675719469,0.9,23.203741951149297,0.003
101325.08295372826,0.9,23.197016910597984,0.003
101326.35832656476,0.9,23.19982154482016,0.003
101324.19436796635,0.9,23.202627480630852,0.003
101323.58979566461,0.9,23.19476148518455,0.003
101325.80613160673,0.9,23.19951339985521,0.003
101326.3335438873,0.9,23.196718117024243,0.003
101324.32591332252,0.9,23.20064599906107,0.003
101324.35385163325,0.9,23.198026578192298,0.003
101325.35197097281,0.9,23.20195376975013,0.003
101324.75702473495,0.9,23.205122364701456,0.003
101324.23222370524,0.9,23.200786020077967,0.003
101325.09608500305,0.9,23.203470588813392,0.003
101325.42272432175,0.9,23.20765831651458,0.003
101324.2358846148,0.9,23.199167247630374,0.003
101324.47982774494,0.9,23.199104800193922,0.003
101326.530326011,0.9,23.202371635511092,0.003
101325.05152647999,0.9,23.196729262400712,0.003
101324.76263910417,0.9,23.204395142513622,0.003
101326.06492575291,0.9,23.197686909675145,0.003
101324.62626696173,0.9,23.196699825262762,0.003
101325.48705431508,0.9,23.200507752885006,0.003
101324.1292742546,0.9,23.190876682640546,0.003
101325.38841855602,0.9,23.206651702860377,0.003
101324.92259583618,0.9,23.202562283090376,0.003
101323.32445556871,0.9,23.20061001112207,0.003
101324.24824485884,0.9,23.20351228968201,0.003
101323.70563679248,0.9,23.195473366780966,0.003
101325.2000504324,0.9,23.196309645642977,0.003
101325.95564381548,0.9,23.200229728760302,0.003
101324.28442112944,0.9,23.198801229074483,0.003
101323.97851201861,0.9,23.200616873700763,0.003
101325.21210027067,0.9,23.20083155325054,0.003
101324.20994878044,0.9,23.205589437439222,0.003
101324.07817547754,0.9,23.200295437976596,0.003
101323.74924641385,0.9,23.203727205104606,0.003
101323.88659179927,0.9,23.19647253230403,0.003
101325.36490947091,0.9,23.203742070865587,0.003
101325.05929286993,0.9,23.201522901930417,0.003
101322.94658953387,0.9,23.2032946716378,0.003
101326.5362484164,0.9,23.200818770604794,0.003
101324.88762414434,0.9,23.201934638160978,0.003
101325.58191943723,0.9,23.200593937422735,0.003
101326.01139324484,0.9,23.200384910598693,0.003
101323.8372855474,0.9,23.205809842036807,0.003
101325.68846200078,0.9,23.200884379242783,0.003
101324.96014450694,0.9,23.20617409767967,0.003
101325.55267398893,0.9,23.205027177300074,0.003
101325.05182593671,0.9,23.19767854658373,0.003
101324.35286538635,0.9,23.196967406434236,0.003
101325.30719203502,0.9,23.195041736432422,0.003
101325.33980867741,0.9,23.19651345934715,0.003
101323.29008508845,0.9,23.194361040119905,0.003
101326.1779495641,0.9,23.195107910388856,0.003
101323.13660261953,0.9,23.201354482989345,0.003
101323.60587511472,0.9,23.19826774986187,0.003
101324.2247773825,0.9,23.202133430671484,0.003
101324.96688465623,0.9,23.200803420115317,0.003
101325.57116769742,0.9,23.19679650654851,0.003
101325.84692799892,0.9,23.200057027906652,0.003
101324.49659873114,0.9,23.19756301410576,0.003
101323.99678075242,0.9,23.19626482130339,0.003
101324.08128207011,0.9,23.20350452977555,0.003
101325.4479385384,0.9,23.190475826708138,0.003
101324.58996953789,0.9,23.19474103604777,0.003
101325.01682665906,0.9,23.198545332427233,0.003
101322.57866122674,0.9,23.199253522344026,0.003
101325.0316831919,0.9,23.19986058899195,0.003
101324.93457525257,0.9,23.20045377722111,0.003
101325.92289188564,0.9,23.200580136286792,0.003
101324.18581048812,0.9,23.19983695447966,0.003
101324.29469011053,0.9,23.199427087755232,0.003
101324.51098446567,0.9,23.19096959385911,0.003
101326.42476534219,0.9,23.20091633876999,0.003
101325.4555907731,0.9,23.20081963213658,0.003
101324.13411912754,0.9,23.20161975839722,0.003
101325.35777371367,0.9,23.201869052975628,0.003
101324.97206631137,0.9,23.195089742468255,0.003
101325.07750342188,0.9,23.202637933684436,0.003
101324.29063112501,0.9,23.199045054393796,0.003
101324.58805652864,0.9,23.20149319038328,0.003
101326.14473317013,0.9,23.197592564494855,0.003
101323.8774933384,0.9,23.200811384822877,0.003
101324.38516038893,0.9,23.199491922993445,0.003
101325.25552570305,0.9,23.199565898019053,0.003
101325.72265751088,0.9,23.20179233648987,0.003
101323.95465355538,0.9,23.199435276722866,0.003
101323.57861440518,0.9,23.198682577877374,0.003
101327.58505875933,0.9,23.20262630316397,0.003
101325.91948999079,0.9,23.197376403541835,0.003
101326.49707718354,0.9,23.202398484302577,0.003
101325.10460688351,0.9,23.19999705470179,0.003
101326.06014293112,0.9,23.20224863617611,0.003
101325.77857647935,0.9,23.19956425831807,0.003
101324.08307807082,0.9,23.197544060095158,0.003
101325.94342024915,0.9,23.20112557137894,0.003
101325.17050469546,0.9,23.204926996582255,0.003
101325.72683784703,0.9,23.196234388759077,0.003
101325.69964331362,0.9,23.205562864676143,0.003
101323.88532304348,0.9,23.20136997206822,0.003
101326.03917060261,0.9,23.19944212684924,0.003
101325.36575001104,0.9,23.204288581670237,0.003
101324.56832583853,0.9,23.197199275647066,0.003
101324.60294643739,0.9,23.20200399377857,0.003
101326.04909127322,0.9,23.19281072438334,0.003
101323.64917834607,0.9,23.204448979914442,0.003
101325.06899683614,0.9,23.200383670501108,0.003
101324.07802244097,0.9,23.197872528947137,0.003
101325.98780564868,0.9,23.198391371096996,0.003
101323.60888515682,0.9,23.19761434729583,0.003
101324.06826308476,0.9,23.199005300441655,0.003
101325.93820571454,0.9,23.19300024039505,0.003
101325.23719464503,0.9,23.20162670495028,0.003
101324.0721659006,0.9,23.19515555269279,0.003
101325.41759121572,0.9,23.20077671136231,0.003
101325.17011152813,0.9,23.20041709422473,0.003
101325.991667229,0.9,23.20534712361817,0.003
101326.66431467063,0.9,23.195807864326227,0.003
101325.22896986466,0.9,23.198568605834915,0.003
101323.9807413806,0.9,23.200199237236774,0.003
101325.54042580865,0.9,23.197156716075696,0.003
101324.68398830749,0.9,23.205382476980297,0.003
101325.9131031196,0.9,23.192070637830867,0.003
101324.23486306342,0.9,23.198995860592078,0.003
101323.92687358141,0.9,23.19559408271693,0.003
101323.92817205496,0.9,23.201503644315185,0.003
101326.43657412243,0.9,23.199425159863868,0.003
101325.38976501692,0.9,23.198975542276116,0.003
101326.36231295235,0.9,23.194450858479577,0.003
101325.20367394235,0.9,23.198726220721372,0.003
101327.26219256634,0.9,23.197283578511964,0.003
101326.0668963171,0.9,23.196743702721097,0.003
101323.9748020265,0.9,23.19695882649836,0.003
101324.71859534329,0.9,23.202634141235627,0.003
101326.0645813334,0.9,23.202898197287915,0.003
101323.5214167359,0.9,23.204042874822758,0.003
101324.45403145516,0.9,23.203393391412924,0.003
101323.98059885026,0.9,23.197827147912538,0.003
101324.14932597092,0.9,23.199846950871382,0.003
101325.56360559471,0.9,23.201291118736897,0.003
101326.1222873236,0.9,23.202178816324118,0.003
101324.8423960381,0.9,23.198186636811133,0.003
101325.20186311516,0.9,23.20417785355464,0.003
101325.18512892608,0.9,23.204771476194285,0.003
101325.21231302214,0.9,23.197073028203818,0.003
101324.22265104942,0.9,23.198678480424622,0.003
101326.08500084197,0.9,23.198053176194733,0.003
101325.51625721919,0.9,23.202400928172487,0.003
101324.40483187567,0.9,23.19868053576596,0.003
101326.57618663163,0.9,23.201198761866042,0.003
101324.65299382483,0.9,23.20748072681118,0.003
101325.67828703596,0.9,23.198626808426663,0.003
101324.726104605,0.9,23.20076915557126,0.003
101324.80633664782,0.9,23.194658382268152,0.003
101326.94006963373,0.9,23.2001408290334,0.003
101324.78660934413,0.9,23.19926734523043,0.003
101325.86538333535,0.9,23.199601147281232,0.003
101324.16724112692,0.9,23.195314876992917,0.003
101326.34946886718,0.9,23.200406427096464,0.003
101324.69283128742,0.9,23.201483237489743,0.003
101324.14913806794,0.9,23.198362288624182,0.003
101326.26593954467,0.9,23.203089331541726,0.003
101325.07256366503,0.9,23.20288374493474,0.003
101323.6112064711,0.9,23.201326747000493,0.003
101326.74971292359,0.9,23.20203445756929,0.003
101325.8618792732,0.9,23.197640684865707,0.003
101324.5653239674,0.9,23.19468375109363,0.003
101325.64670765857,0.9,23.201833423787466,0.003
101324.28389253313,0.9,23.20172586943883,0.003
101326.15728130394,0.9,23.198586921142468,0.003
101325.06996312164,0.9,23.2013503980269,0.003
101326.16360561881,0.9,23.204377520640165,0.003
101326.512374579,0.9,23.20312398257434,0.003
101323.91006746556,0.9,23.20203897563751,0.003
101323.85239551503,0.9,23.20345180990616,0.003
101323.67896510642,0.9,23.20173149653351,0.003
101325.17099735262,0.9,23.198835996515932,0.003
101325.05605115458,0.9,23.20208099431394,0.003
101324.70864178588,0.9,23.197845080689987,0.003
101325.31928123496,0.9,23.20027219483615,0.003
101324.5041020512,0.9,23.20281610016576,0.003
101325.9858817202,0.9,23.19774971898536,0.003
101327.06468651962,0.9,23.200359386482763,0.003
101325.54715998622,0.9,23.204405748497564,0.003
101326.9942529114,0.9,23.19857772294708,0.003
101324.67183391066,0.9,23.196830353677267,0.003
101324.67632178187,0.9,23.198631287704867,0.003
101324.30071644031,0.9,23.202488536223825,0.003
101325.57764211661,0.9,23.19575436036959,0.003
101325.2591765781,0.9,23.200998499202566,0.003
101323.52758402383,0.9,23.19760602540613,0.003
101326.77635978573,0.9,23.19713107062734,0.003
101323.16687647074,0.9,23.205704806627477,0.003
101325.19936137111,0.9,23.200462424791837,0.003
101325.41371556431,0.9,23.202322277886374,0.003
101324.96121789653,0.9,23.194178899258464,0.003
101324.3528404962,0.9,23.20262143341356,0.003
101324.20190995555,0.9,23.198619704461983,0.003
101325.58960451487,0.9,23.199621875420263,0.003
101324.37008206417,0.9,23.199667024325876,0.003
101323.97412167491,0.9,23.205277174644802,0.003
101325.78968076596,0.9,23.201781475140155,0.003
101325.0599127129,0.9,23.203610894887795,0.003
101327.17691073542,0.9,23.194663580576325,0.003
101324.74436308401,0.9,23.206727703061425,0.003
101325.23603306906,0.9,23.200544108464896,0.003
101324.51516966766,0.9,23.205504386581723,0.003
101326.11661031054,0.9,23.198553401395092,0.003
101327.60325137153,0.9,23.20055367810022,0.003
101324.44973190514,0.9,23.199112574013878,0.003
101323.90226347464,0.9,23.20435376566787,0.003
101325.2387660023,0.9,23.20309639057423,0.003
101325.78557777159,0.9,23.202501964720618,0.003
101324.71539816217,0.9,23.202210954392836,0.003
101324.99113530997,0.9,23.19674807932508,0.003
101322.9740320981,0.9,23.197011126429466,0.003
101325.91954609734,0.9,23.199884193157406,0.003
101324.27331983598,0.9,23.195849373829756,0.003
101324.21394439852,0.9,23.195457112902893,0.003
101325.39681437176,0.9,23.19667237446911,0.003
101325.59395176129,0.9,23.20390183178704,0.003
101324.70770022184,0.9,23.203732765628782,0.003
101325.07328705855,0.9,23.20238544387187,0.003
101324.62085922084,0.9,23.2042179375113,0.003
101324.99636122436,0.9,23.20038883971976,0.003
101325.68126167003,0.9,23.201458067670103,0.003
101326.80472401953,0.9,23.198794148822024,0.003
101325.3363329295,0.9,23.200510033602125,0.003
101325.24470803159,0.9,23.197573154831783,0.003
101324.90646159678,0.9,23.200007188301868,0.003
101324.98620338559,0.9,23.196821095795226,0.003
101324.77229224589,0.9,23.198508118101692,0.003
101324.93978653869,0.9,23.20179080831194,0.003
101325.492849349,0.9,23.20337313249344,0.003
101323.77016551115,0.9,23.202003268764585,0.003
101325.56500444042,0.9,23.201607070681504,0.003
101325.89787327172,0.9,23.206864473144698,0.003
101323.16888349225,0.9,23.200426060827514,0.003
101324.71740637429,0.9,23.20245784599996,0.003
101324.3571805556,0.9,23.2001281292924,0.003
101325.0663965157,0.9,23.19743004442798,0.003
101326.10679421626,0.9,23.201337899347916,0.003
101324.71163280826,0.9,23.201157749027807,0.003
101325.30220900317,0.9,23.201123668515514,0.003
101324.86250183628,0.9,23.19833510739421,0.003
101324.85664831358,0.9,23.201904372814777,0.003
101326.70807323088,0.9,23.20297502695816,0.003
101326.58371532259,0.9,23.199345604697427,0.003
101325.06015729769,0.9,23.202220122330267,0.003
101325.5888739741,0.9,23.20318516435315,0.003
101327.37851534034,0.9,23.19825547304281,0.003
101325.16734546816,0.9,23.19932666838833,0.003
101324.74938108979,0.9,23.197909907248288,0.003
101323.75100083361,0.9,23.201388036936034,0.003
101324.31639776626,0.9,23.196657783262335,0.003
101325.87167348682,0.9,23.19652921033047,0.003
101325.18646326291,0.9,23.201527843084754,0.003
101325.12237891898,0.9,23.200721070586418,0.003
101324.55411033527,0.9,23.199886049121815,0.003
101324.87686737198,0.9,23.195526498127343,0.003
101325.59928313475,0.9,23.197540181400242,0.003
101323.52341958962,0.9,23.202053958883248,0.003
101325.34874419526,0.9,23.1988152666091,0.003
101325.40571238226,0.9,23.196283693322417,0.003
101325.20543904102,0.9,23.201670589203136,0.003
101325.05730341475,0.9,23.203418882424113,0.003
101324.84751983758,0.9,23.203166171715697,0.003
101325.72584410067,0.9,23.20106234767316,0.003
101326.01286158751,0.9,23.202200302171963,0.003
101324.01490767174,0.9,23.203365372085727,0.003
101324.37970518444,0.9,23.199095919644012,0.003
101325.00364109038,0.9,23.20118107681877,0.003
101321.6441349585,0.9,23.197389686427492,0.003
101325.93976077082,0.9,23.19904445153197,0.003
101325.6313283851,0.9,23.199902475354556,0.003
101326.38624803514,0.9,23.19870803180341,0.003
101324.9606734155,0.9,23.194397519287147,0.003
101325.89897854834,0.9,23.193197406630333,0.003
101325.0842032871,0.9,23.200980389250354,0.003
101325.20947537072,0.9,23.194758581196222,0.003
101323.60227911695,0.9,23.199568191310398,0.003
101323.21927994165,0.9,23.19898056344407,0.003
101325.85702083998,0.9,23.19833303137829,0.003
101324.9364867519,0.9,23.19999836877161,0.003
101327.09395111202,0.9,23.19837105371359,0.003
101326.00777204316,0.9,23.20200118436373,0.003
101326.34104764862,0.9,23.200833285435728,0.003
101324.33602887539,0.9,23.196451767187074,0.003
101324.72249335423,0.9,23.200912394052608,0.003
101325.94059349773,0.9,23.200342625864455,0.003
101326.22532217157,0.9,23.20053466918564,0.003
101324.6888016063,0.9,23.2006954049772,0.003
101324.38125347278,0.9,23.20007933635815,0.003
101323.71243157516,0.9,23.20215767990693,0.003
101324.76782932575,0.9,23.19754391271901,0.003
101325.47785750387,0.9,23.203930790200317,0.003
101325.98767111501,0.9,23.203978872847507,0.003
101324.86472577736,0.9,23.193898915753174,0.003
101326.17769173344,0.9,23.202569518027204,0.003
101325.26180149202,0.9,23.20404921801131,0.003
101326.62307856462,0.9,23.20224860878701,0.003
101326.26757181456,0.9,23.199872256547362,0.003
101324.04895279622,0.9,23.19969761681846,0.003
101325.18316864625,0.9,23.194054081674558,0.003
101325.13925458626,0.9,23.201598101284723,0.003
101324.523412809,0.9,23.19177721872496,0.003
101325.40542603914,0.9,23.201339761772427,0.003
101325.72153280392,0.9,23.19747997524107,0.003
101324.23641698401,0.9,23.202111699050647,0.003
101325.16410777462,0.9,23.20051508031969,0.003
101324.85030143724,0.9,23.201884930550325,0.003
101324.64774489556,0.9,23.201559798783055,0.003
101325.293954298,0.9,23.2021056361805,0.003
101323.53897195193,0.9,23.198047153232974,0.003
101325.11591114318,0.9,23.198268387111394,0.003
101323.61249612791,0.9,23.197810351480523,0.003
101324.95713394217,0.9,23.200464314109556,0.003
101324.28987221251,0.9,23.19502608451215,0.003
101324.6965521743,0.9,23.204681989092613,0.003
101325.97587184698,0.9,23.2023806714941,0.003
101325.51315454973,0.9,23.202151895041293,0.003
101325.50255747572,0.9,23.19725528709513,0.003
101323.47625213719,0.9,23.199662279240712,0.003
101326.85409069422,0.9,23.20132286278748,0.003
101325.07843277199,0.9,23.200502929221237,0.003
101323.66524508384,0.9,23.19636267081154,0.003
101325.19103971402,0.9,23.19997601112529,0.003
101326.44141925141,0.9,23.205392215743707,0.003
101324.05803739477,0.9,23.200129043783353,0.003
101325.87366802579,0.9,23.199172802565304,0.003
101325.77581813639,0.9,23.197559555151567,0.003
101325.25202024504,0.9,23.202981756440302,0.003
101325.38592748332,0.9,23.198945698814338,0.003
101324.95359617405,0.9,23.199054308716875,0.003
101324.49741459196,0.9,23.199630230280164,0.003
101324.8993630942,0.9,23.203184742442986,0.003
101324.80119925017,0.9,23.19804929593038,0.003
101323.86850282416,0.9,23.201124504438855,0.003
101324.96805758124,0.9,23.19424912569675,0.003
101325.64368615729,0.9,23.202128214343706,0.003
101324.15950815115,0.9,23.199475905166747,0.003
101324.71689217794,0.9,23.205596331427223,0.003
101326.57822402862,0.9,23.201220026618316,0.003
101323.71362497826,0.9,23.198688349876218,0.003
101324.99672701406,0.9,23.202869242742544,0.003
101324.4854673747,0.9,23.19935820000391,0.003
101325.35200632874,0.9,23.202652680635747,0.003
101324.27854720668,0.9,23.199837368239464,0.003
101325.4857191207,0.9,23.202151861505683,0.003
101324.8316514522,0.9,23.203617860676538,0.003
101324.19915180845,0.9,23.206038471806714,0.003
101324.50715548692,0.9,23.20557334448515,0.003
101325.84682730678,0.9,23.200830670973694,0.003
101325.11088141592,0.9,23.199078422720174,0.003
101324.79778710773,0.9,23.199869689231935,0.003
101326.37639860486,0.9,23.201674329403936,0.003
101325.11684560809,0.9,23.202105893256036,0.003
101326.53576665987,0.9,23.201563874769985,0.003
101325.3799163164,0.9,23.196819446936857,0.003
101325.74900903391,0.9,23.19809425091824,0.003
101323.91418971927,0.9,23.20512006206234,0.003
101323.38744688382,0.9,23.198937890274358,0.003
101325.16042137823,0.9,23.200086446803105,0.003
101324.56424412773,0.9,23.199751671578138,0.003
101323.50020251171,0.9,23.2045825518257,0.003
101325.30137448812,0.9,23.20526912050426,0.003
101324.54266574648,0.9,23.206691698750774,0.003
101325.11914125447,0.9,23.200527701213627,0.003
101323.66040925717,0.9,23.19572152730722,0.003
101325.9315716288,0.9,23.199165673526338,0.003
101325.10843476786,0.9,23.197633374185358,0.003
101324.18787484117,0.9,23.202366663471466,0.003
101325.83451549696,0.9,23.194028101623772,0.003
101324.24876703195,0.9,23.20165887953422,0.003
101325.1195862651,0.9,23.200600491666325,0.003
101325.53405909018,0.9,23.198493289451037,0.003
101325.63466119878,0.9,23.198547093335335,0.003
101325.73426130002,0.9,23.198363560033314,0.003
101324.47172510077,0.9,23.201860827295594,0.003
101323.54293891635,0.9,23.200037480828456,0.003
101325.44000858095,0.9,23.19892337933763,0.003
101324.82384537368,0.9,23.202323218790042,0.003
101325.1327792937,0.9,23.20237662482635,0.003
101326.12452581881,0.9,23.19963713638906,0.003
101324.39206078973,0.9,23.200883074899522,0.003
101325.15937999054,0.9,23.200317273583572,0.003
101325.70284770076,0.9,23.20371837073578,0.003
101324.84075231303,0.9,23.200849023545544,0.003
101325.2530082662,0.9,23.197229701163426,0.003
101325.65580010947,0.9,23.203783888731646,0.003
101324.43740276883,0.9,23.19278159122304,0.003
101326.84589375804,0.9,23.198850813893614,0.003
101324.85981233967,0.9,23.196736424628156,0.003
101325.46696324697,0.9,23.20165744927147,0.003
101325.49246221242,0.9,23.20346798771932,0.003
101324.10418256289,0.9,23.203066228656063,0.003
101324.47825058205,0.9,23.2066048189263,0.003
101324.77691282971,0.9,23.19739642761147,0.003
101325.60802120308,0.9,23.19693559353024,0.003
101323.80889239813,0.9,23.202403637655294,0.003
101325.06769088688,0.9,23.20120646500743,0.003
101325.96888943455,0.9,23.198751980984774,0.003
101322.55189198218,0.9,23.20718305053483,0.003
101326.14336465449,0.9,23.197418237101655,0.003
101324.81131071225,0.9,23.20060897177351,0.003
101325.12464880706,0.9,23.20080180256206,0.003
101325.5745670337,0.9,23.200301692220126,0.003
101325.74122279024,0.9,23.198897214266907,0.003
101326.01900541857,0.9,23.202325852919472,0.003
101324.63470611357,0.9,23.197622111878314,0.003
101325.76439613766,0.9,23.197390001966728,0.003
101325.40457950857,0.9,23.199965515714307,0.003
101325.03421520334,0.9,23.200344585672738,0.003
101325.09389794816,0.9,23.197931322995274,0.003
101324.74590805126,0.9,23.202955793535562,0.003
101324.68418124759,0.9,23.203081062985472,0.003
101324.76181469815,0.9,23.201267865075337,0.003
101324.9179483155,0.9,23.1998589541094,0.003
101325.23030985505,0.9,23.20043596829553,0.003
101324.90062140427,0.9,23.194331760024465,0.003
101323.65745475292,0.9,23.198021020981965,0.003
101324.33517085583,0.9,23.19735981772785,0.003
101323.94024528586,0.9,23.199157400585506,0.003
101325.59316721263,0.9,23.203093316741917,0.003
101324.73007840507,0.9,23.20151800815793,0.003
101324.02593733472,0.9,23.199235569944403,0.003
101325.69830048067,0.9,23.200508746797084,0.003
101324.67584212695,0.9,23.197497456297317,0.003
101324.22373856523,0.9,23.202590268998403,0.003
101324.55756181625,0.9,23.200240757831327,0.003
101325.16124353804,0.9,23.200846159976233,0.003
101324.26426774375,0.9,23.197738693784146,0.003
101325.51996756831,0.9,23.19656880883473,0.003
101324.92557854201,0.9,23.195826936989146,0.003
101324.20726239735,0.9,23.19867111734671,0.003
101324.69341026008,0.9,23.200741561970403,0.003
101323.72270049687,0.9,23.19967730412603,0.003
101324.2447559773,0.9,23.202709935810635,0.003
101326.31482744134,0.9,23.203088884249457,0.003
101324.4422907742,0.9,23.19889629760326,0.003
101324.36322705045,0.9,23.20436263266855,0.003
101325.24816427754,0.9,23.203079786701498,0.003
101325.19944743572,0.9,23.199099850575344,0.003
101324.92803306348,0.9,23.199238585700105,0.003
101324.34240336991,0.9,23.19956344827748,0.003
101324.50185195015,0.9,23.20053674335563,0.003
101324.06048472723,0.9,23.195418602649156,0.003
101325.27857603636,0.9,23.19960702436994,0.003
101323.44317847397,0.9,23.205368419374675,0.003
101325.22615419878,0.9,23.200214999990646,0.003
101324.90540909061,0.9,23.200727971170032,0.003
101325.56131174094,0.9,23.19921463816526,0.003
101325.07532678354,0.9,23.201767927757814,0.003
101326.26861253868,0.9,23.195551503464273,0.003
101325.43418531155,0.9,23.194245508094443,0.003
101326.206328471,0.9,23.205309473909136,0.003
101323.7830631628,0.9,23.201160271179123,0.003
101325.5603881135,0.9,23.20118065479894,0.003
101324.2029435973,0.9,23.20267047995388,0.003
101326.73995225744,0.9,23.203933729033533,0.003
101325.0740676782,0.9,23.197657481445418,0.003
101324.57652182422,0.9,23.200260798804905,0.003
101323.84732918903,0.9,23.201793290781005,0.003
101324.37301038967,0.9,23.202306663473742,0.003
101324.50632936534,0.9,23.199935749749766,0.003
101324.37785117005,0.9,23.20025782598176,0.003
101324.16492652787,0.9,23.20185516408476,0.003
101325.16388132496,0.9,23.198594366029713,0.003
101325.78079274685,0.9,23.197890636864756,0.003
101324.37785758568,0.9,23.20268507316635,0.003
101323.41770148335,0.9,23.203011268351155,0.003
101324.18865161802,0.9,23.203149174317126,0.003
101323.4240103378,0.9,23.202192936601957,0.003
101323.3582725225,0.9,23.200745255315265,0.003
101324.55090038168,0.9,23.201168706451767,0.003
101326.70673041462,0.9,23.194656813976952,0.003
101324.03348061276,0.9,23.201849749161227,0.003
101323.95574145223,0.9,23.201087527735773,0.003
101323.42098192591,0.9,23.195069954005227,0.003
101325.36487679204,0.9,23.20050637021565,0.003
101325.31829756212,0.9,23.201630418063484,0.003
101324.99518812924,0.9,23.200116969849308,0.003
101325.15742016895,0.9,23.198633206995417,0.003
101324.85817971684,0.9,23.197642721008588,0.003
101324.65869400637,0.9,23.199181701538922,0.003
101324.79914072515,0.9,23.201344629708878,0.003
101324.9520295305,0.9,23.197926073339282,0.003
101325.74333819405,0.9,23.19652401145077,0.003
101323.33519040671,0.9,23.1982424997283,0.003
101325.19893635626,0.9,23.19926134931118,0.003
101325.14630438095,0.9,23.202260060666173,0.003
101324.79105355007,0.9,23.200304994505135,0.003
101324.0981864124,0.9,23.20283268586212,0.003
101323.94114512172,0.9,23.1977977268112,0.003
101324.32219468906,0.9,23.199174844524205,0.003
101326.50241573474,0.9,23.201503210197483,0.003
101325.06365148188,0.9,23.204869540660354,0.003
101324.56933914822,0.9,23.194246873549382,0.003
101323.0093454723,0.9,23.202237212951243,0.003
101324.21556822142,0.9,23.200702486385282,0.003
101325.71951048297,0.9,23.194653620957904,0.003
101324.62883984446,0.9,23.198958124766417,0.003
101325.02278867041,0.9,23.199773394920115,0.003
101325.25887913287,0.9,23.200681223654314,0.003
101325.6147103385,0.9,23.19838112848796,0.003
101326.05492336805,0.9,23.196441304665104,0.003
101326.04543623068,0.9,23.199196654049814,0.003
101326.2420224166,0.9,23.203191077396543,0.003
101324.25762336869,0.9,23.19908587560454,0.003
101323.91398787427,0.9,23.199085014794424,0.003
101324.40961296241,0.9,23.197788932589006,0.003
101324.95292948994,0.9,23.20011265241692,0.003
101327.13340297552,0.9,23.201234776237524,0.003
101324.56834680925,0.9,23.20057846084484,0.003
101324.87865604664,0.9,23.200998634200626,0.003
101324.96020061191,0.9,23.198042220666757,0.003
101325.6218811931,0.9,23.198217547376327,0.003
101324.78355106014,0.9,23.200973669032063,0.003
101324.5667375778,0.9,23.19960510988312,0.003
101325.27561505804,0.9,23.200772757670688,0.003
101324.57689174273,0.9,23.20285451421663,0.003
101325.8704620011,0.9,23.204320202882688,0.003
101326.18772401236,0.9,23.20168983754746,0.003
101326.0424982768,0.9,23.201161086448643,0.003
101323.21311776078,0.9,23.20070174676261,0.003
101325.20023845049,0.9,23.201485484963936,0.003
101324.30848577345,0.9,23.202778779834784,0.003
101325.18448968379,0.9,23.20163283061397,0.003
101324.0083082051,0.9,23.2035450192965,0.003
101324.31487748996,0.9,23.20233447523435,0.003
101324.013812765,0.9,23.197274865793606,0.003
101325.70379992077,0.9,23.199156696974267,0.003
101325.7236401053,0.9,23.202207553807515,0.003
101324.24792815633,0.9,23.20115642016607,0.003
101325.08446320266,0.9,23.20136924115968,0.003
101323.91760225489,0.9,23.20161064547621,0.003
101323.80314314434,0.9,23.20485810433873,0.003
101322.78984472912,0.9,23.199762309306987,0.003
101326.37746223448,0.9,23.19907451246926,0.003
101324.62106015679,0.9,23.197908540577767,0.003
101324.98487061964,0.9,23.20165733407075,0.003
101324.49876011693,0.9,23.20297375349234,0.003
101325.0944506037,0.9,23.202332364396874,0.003
101324.39412084113,0.9,23.20717180738363,0.003
101324.58040805269,0.9,23.202610364441654,0.003
101326.19124992464,0.9,23.19598292234063,0.003
101324.19008787625,0.9,23.201135339341842,0.003
101324.01804307914,0.9,23.20093089527255,0.003
101324.43832315406,0.9,23.19519996567745,0.003
101324.37426888078,0.9,23.206170385572687,0.003
101324.54408708258,0.9,23.19976687465139,0.003
101325.00044268336,0.9,23.19890309427318,0.003
101325.42244930976,0.9,23.199403993805216,0.003
101325.32815781626,0.9,23.197723750172194,0.003
101324.96375550651,0.9,23.193818493504313,0.003
101324.40624311537,0.9,23.199243997554362,0.003
101325.94434710179,0.9,23.199004516538345,0.003
101326.672245721,0.9,23.201520099066215,0.003
101324.63579716995,0.9,23.202018873331713,0.003
101324.91993496934,0.9,23.19835806400659,0.003
101323.92436882203,0.9,23.196917033751177,0.003
101323.73197903932,0.9,23.202439901972802,0.003
101323.39703017336,0.9,23.203718557962485,0.003
101324.91171920828,0.9,23.205501059141387,0.003
101323.61452182122,0.9,23.203293040198705,0.003
101325.60023827892,0.9,23.20339652939291,0.003
101323.84565786783,0.9,23.195749469187547,0.003
101325.5848655848,0.9,23.198595130070736,0.003
101325.43645602188,0.9,23.207004532359118,0.003
101326.25007109619,0.9,23.202451237634737,0.003
101325.17525125958,0.9,23.19810741032618,0.003
101326.13845336305,0.9,23.195853286473486,0.003
101325.37737771058,0.9,23.1990865793408,0.003
101325.14364702832,0.9,23.201583808413783,0.003
101325.83791669745,0.9,23.19665341777566,0.003
101324.88479629884,0.9,23.201085814658423,0.003
101326.15886439141,0.9,23.19580742862269,0.003
101323.47898053697,0.9,23.205440179734207,0.003
101324.10912726824,0.9,23.193281644055233,0.003
101324.88883612404,0.9,23.201425235479537,0.003
101323.52833656309,0.9,23.198612973576683,0.003
101324.79716797432,0.9,23.20220225940443,0.003
101323.831358632,0.9,23.198711184409536,0.003
101324.5336923256,0.9,23.19542763468664,0.003
101326.4974276504,0.9,23.198563773254424,0.003
101324.80050909548,0.9,23.201340025890328,0.003
101324.84222498929,0.9,23.19498458355246,0.003
101324.21301176098,0.9,23.20049389585147,0.003
101325.74937910891,0.9,23.192923930037235,0.003
101324.65287233255,0.9,23.200043814310114,0.003
101325.31032312203,0.9,23.199943707642728,0.003
101325.43511109405,0.9,23.205864559228278,0.003
101326.08229125728,0.9,23.200039978644195,0.003
101324.73406383839,0.9,23.20482555914136,0.003
101326.0882763381,0.9,23.19997606184711,0.003
101324.70825222833,0.9,23.198864272328823,0.003
101325.67509610928,0.9,23.192466695241407,0.003
101325.72396135422,0.9,23.201758466015296,0.003
101323.85228013361,0.9,23.20216825246079,0.003
101324.88645086189,0.9,23.201076817897274,0.003
101324.40903904696,0.9,23.20080535370418,0.003
101323.62063973739,0.9,23.200919180756358,0.003
101325.28388311686,0.9,23.197894076073396,0.003
101324.14482294353,0.9,23.203143900966847,0.003
101326.74774758151,0.9,23.204496638088514,0.003
101325.14364889983,0.9,23.198592201604868,0.003
101325.68389336445,0.9,23.199845031755302,0.003
101325.23937856531,0.9,23.201440421541644,0.003
101324.00275853906,0.9,23.20330653722271,0.003
101327.06942932254,0.9,23.200519548328508,0.003
101325.74376793887,0.9,23.19609321523959,0.003
101324.96890667838,0.9,23.199335162035403,0.003
101325.01042615813,0.9,23.200450739345687,0.003
101325.30482227948,0.9,23.199952259401222,0.003
101325.03620193515,0.9,23.19502347049989,0.003
101325.89531697136,0.9,23.195448076570543,0.003
101323.59694396648,0.9,23.20187251364763,0.003
101323.9952051191,0.9,23.197775686954998,0.003
101325.00452386103,0.9,23.199351523801347,0.003
101326.66641946457,0.9,23.203003733036592,0.003
101324.90230275247,0.9,23.201611192040023,0.003
101325.70337473866,0.9,23.198246716960504,0.003
101325.48581668828,0.9,23.197765056870768,0.003
101324.86498474878,0.9,23.200510160247628,0.003
101323.99108470736,0.9,23.19734574609348,0.003
101324.13756009896,0.9,23.19349495618091,0.003
101324.86579395762,0.9,23.197071535802184,0.003
101326.09028959651,0.9,23.198773996588532,0.003
101325.78604597757,0.9,23.199060928942323,0.003
101324.55941266843,0.9,23.203306042797685,0.003
101325.18648864834,0.9,23.200539984495286,0.003
101325.66788952929,0.9,23.19896286384202,0.003
101324.35348772918,0.9,23.201140988506772,0.003
101325.01866848052,0.9,23.20326641327904,0.003
101325.62138488154,0.9,23.20469669322037,0.003
101325.19289583557,0.9,23.197822556619226,0.003
101324.89278014276,0.9,23.198776856319107,0.003
101323.78937945583,0.9,23.204012739387107,0.003
101325.86313836463,0.9,23.202703784136727,0.003
101323.27371969019,0.9,23.20422598290341,0.003
101324.575968826,0.9,23.199980070233334,0.003
101325.07990679171,0.9,23.20097126934076,0.003
101324.5206009376,0.9,23.197588037272325,0.003
101325.36630653047,0.9,23.199813610561936,0.003
101325.43170602925,0.9,23.196847830084014,0.003
101325.1656717927,0.9,23.198470526040573,0.003
101325.00830307006,0.9,23.195451594633386,0.003
101323.56330930632,0.9,23.20003677000945,0.003
101325.6799119133,0.9,23.200227481729797,0.003
101324.09058058582,0.9,23.19709658623182,0.003
101325.54020155121,0.9,23.200990693008404,0.003
101324.39462536617,0.9,23.198357902528535,0.003
101326.64432435513,0.9,23.20586482410693,0.003
101325.3370210523,0.9,23.1988129239584,0.003
101324.31142663957,0.9,23.199496208012622,0.003
101323.99096458794,0.9,23.201760995032938,0.003
101325.33807547286,0.9,23.19831200485017,0.003
101323.71607858929,0.9,23.204009183688097,0.003
101324.20341961697,0.9,23.202534493054326,0.003
101324.85874695992,0.9,23.200661117284106,0.003
101326.05675873821,0.9,23.200820465273353,0.003
101324.31810704192,0.9,23.20105366258185,0.003
101324.59707300503,0.9,23.206820902851927,0.003
101325.71580740188,0.9,23.203019137437067,0.003
101323.32681806556,0.9,23.201096494234967,0.003
101324.92860477584,0.9,23.198698277808354,0.003
101324.59324659387,0.9,23.20969276960772,0.003
101322.93576521138,0.9,23.202792333159984,0.003
101323.95197999862,0.9,23.193899944893044,0.003
101323.04476517558,0.9,23.201096224955826,0.003
101325.20498486394,0.9,23.199659915800776,0.003
101325.9078059084,0.9,23.19782994713808,0.003
101325.6211881979,0.9,23.195009546143392,0.003
101323.25303839125,0.9,23.20166813297259,0.003
101325.51676302479,0.9,23.19396758860884,0.003
101324.41319915572,0.9,23.20259132725978,0.003
101324.44743574415,0.9,23.19809593399682,0.003
101324.25120240368,0.9,23.199537140112174,0.003
101325.63620727994,0.9,23.199429153131465,0.003
101324.63924341969,0.9,23.19685479573643,0.003
101325.52966228333,0.9,23.196522457725493,0.003
101325.5963990968,0.9,23.198580078416033,0.003
101325.27142687063,0.9,23.1985905936941,0.003
101324.95230809598,0.9,23.201081203184756,0.003
101323.57723689619,0.9,23.1966198487576,0.003
101324.00811244793,0.9,23.19802300005785,0.003
101324.60052298417,0.9,23.20126417841193,0.003
101325.3789261086,0.9,23.204955270905682,0.003
101325.18146264621,0.9,23.203825447751132,0.003
101326.28967092391,0.9,23.201545538021985,0.003
101326.75789389468,0.9,23.208886401700287,0.003
101324.96201960971,0.9,23.20077636819724,0.003
101325.99603478883,0.9,23.201939167823387,0.003
101325.02648309105,0.9,23.197917785880517,0.003
101325.05383970379,0.9,23.19875154584532,0.003
101323.73725561427,0.9,23.20273559076426,0.003
101325.87888212134,0.9,23.193586718340136,0.003
101324.7534707008,0.9,23.194340192569662,0.003
101325.64389498511,0.9,23.199756128955173,0.003
101324.81176499857,0.9,23.201318929344264,0.003
101325.07711475126,0.9,23.201762034245153,0.003
101324.68216817357,0.9,23.20375261808623,0.003
101324.50335916983,0.9,23.197891811127043,0.003
101323.24493822895,0.9,23.19922110497723,0.003
101324.85363639452,0.9,23.204127083143593,0.003
101325.9548945961,0.9,23.20651608242507,0.003
101326.59035469987,0.9,23.197989790596193,0.003
101324.63333479282,0.9,23.2011339182054,0.003
101324.31605633852,0.9,23.200530306864845,0.003
101327.38170499573,0.9,23.19517484431614,0.003
101323.83698671965,0.9,23.196205350070237,0.003
101326.64370692614,0.9,23.19894095636074,0.003
101325.26275249186,0.9,23.20240972923846,0.003
101325.32688098414,0.9,23.204615565631904,0.003
101325.20848953893,0.9,23.198698846139994,0.003
101325.46979173324,0.9,23.1949312691108,0.003
101325.12969654743,0.9,23.200992675959963,0.003
101324.48277065423,0.9,23.20029293033429,0.003
101324.09502160379,0.9,23.203068828553747,0.003
101326.27095114862,0.9,23.203927436426127,0.003
101323.44732927385,0.9,23.196259796192898,0.003
101324.26864559994,0.9,23.199133761232442,0.003
101327.07812208978,0.9,23.202953809841564,0.003
101326.08460272578,0.9,23.197417888295927,0.003
101324.91380753918,0.9,23.196839471050605,0.003
101324.6610066303,0.9,23.20363082833252,0.003
101323.97219511679,0.9,23.1978406831741,0.003
101325.10287297398,0.9,23.196421050648855,0.003
101325.17294838722,0.9,23.200735724777648,0.003
101325.83461857564,0.9,23.198689657705263,0.003
101325.18879964459,0.9,23.199214810379022,0.003
101325.02370518117,0.9,23.198127848704093,0.003
101323.8237582779,0.9,23.199246603361946,0.003
101325.75657642061,0.9,23.201245231385084,0.003
101325.92212787707,0.9,23.19867803215431,0.003
101324.62141265917,0.9,23.201385708913566,0.003
101324.69367331784,0.9,23.200041446582045,0.003
101325.13865781702,0.9,23.200780799141157,0.003
101325.30015732467,0.9,23.19711474181826,0.003
101325.36867723626,0.9,23.204408889624624,0.003
101326.4380371644,0.9,23.205267003679538,0.003
101326.44984569044,0.9,23.20006251202203,0.003
101326.06401151408,0.9,23.194299422278473,0.003
101324.37595349402,0.9,23.200935059945895,0.003
101324.03796832073,0.9,23.196112980017997,0.003
101324.88999831182,0.9,23.1968110434859,0.003
101325.47505838654,0.9,23.20197270743058,0.003
101325.37297682243,0.9,23.20116857044811,0.003
101324.40289847979,0.9,23.198160920574136,0.003
101324.7474642355,0.9,23.196779382854295,0.003
101324.61674971068,0.9,23.19742057336685,0.003
101324.00933949905,0.9,23.19550713901712,0.003
101324.66214154805,0.9,23.199648269807998,0.003
101324.1065869434,0.9,23.202989345149604,0.003
101325.63551222773,0.9,23.196769848078606,0.003
101325.311110732,0.9,23.19946673813343,0.003
101324.90238254471,0.9,23.200154481520357,0.003
101325.35350627347,0.9,23.206918412831318,0.003
101324.92029810214,0.9,23.197813447214116,0.003
101326.66158187516,0.9,23.20299208553738,0.003
101324.26028861753,0.9,23.200745292035354,0.003
101325.1995918386,0.9,23.19750570854501,0.003
101324.98914100688,0.9,23.194425511852273,0.003
101325.4270592128,0.9,23.199682134722515,0.003
101325.50536865441,0.9,23.200369774506264,0.003
